253,1
276,1
20,2
286,2
299,2
302,2
310,2
307,3
289,4
47,5
100,5
172,5
303,5
450,5
301,6
141,8
193,8
234,9
388,9
71,10
452,10
471,10
288,11
127,12
135,12
226,12
402,12
78,14
134,14
360,14
363,14
51,16
33,17
108,17
168,18
14,19
194,20
104,21
97,22
313,22
405,22
23,23
327,23
142,25
335,25
52,26
131,26
5,27
89,27
240,27
79,29
84,29
198,29
50,30
111,31
267,32
210,34
345,34
349,35
90,36
311,36
137,38
218,38
161,39
493,39
11,45
147,45
211,45
488,45
22,46
163,46
323,46
242,47
334,47
379,47
387,47
305,48
284,49
125,50
155,50
236,50
239,50
238,51
409,51
418,51
483,51
107,52
346,53
366,53
482,53
285,54
413,54
117,55
430,55
428,56
30,57
373,57
448,57
53,58
145,58
148,58
158,58
320,58
477,58
170,59
280,59
479,60
485,60
24,61
130,61
294,61
15,62
45,63
407,64
470,64
291,65
140,66
328,66
329,66
95,68
138,68
398,68
116,69
368,70
213,72
272,72
419,72
46,73
48,73
8,74
279,74
423,75
72,76
176,77
376,77
60,78
98,78
187,80
304,80
351,81
73,82
265,83
283,83
180,84
122,85
244,85
109,86
139,86
382,86
469,86
102,88
444,88
354,90
12,91
28,91
70,91
372,92
44,94
80,95
282,95
494,95
197,96
257,98
87,99
378,99
128,100
133,100
406,100
200,101
74,102
129,102
319,103
3,104
34,104
88,104
330,104
369,104
456,104
389,105
261,106
459,106
401,109
498,111
297,113
258,114
94,115
437,115
132,116
260,116
365,116
203,117
475,117
112,119
326,119
461,119
269,120
251,121
309,121
361,121
91,122
386,122
474,122
4,124
86,125
146,125
343,125
394,125
123,128
499,128
151,129
295,129
300,129
85,131
228,131
231,131
374,131
403,131
415,131
76,132
278,132
429,132
298,133
37,134
195,134
32,135
55,135
250,135
179,136
233,136
331,136
397,136
17,137
352,137
467,137
124,138
441,140
35,141
110,141
454,141
332,142
371,142
249,143
359,143
443,144
54,145
489,145
256,146
114,147
451,147
159,148
264,148
82,149
431,150
445,150
171,151
347,151
245,152
464,153
306,154
381,155
417,155
206,156
215,156
466,156
370,157
496,157
414,158
152,159
196,159
375,159
208,163
339,163
435,163
442,163
472,164
473,164
362,166
232,167
99,168
353,168
316,169
480,169
487,169
9,170
192,170
49,172
312,173
121,174
393,174
184,175
325,175
478,176
83,177
337,177
165,178
237,178
321,178
241,179
246,181
277,181
204,182
270,182
463,182
492,182
497,182
77,183
247,183
248,184
27,185
69,186
136,186
191,186
205,187
476,187
31,188
175,189
243,189
6,190
177,190
207,190
384,190
235,191
432,191
56,193
2,194
223,194
186,196
254,196
259,197
275,197
262,199
281,200
106,202
188,202
202,202
317,202
449,202
252,203
18,204
377,204
422,204
75,205
182,205
38,206
314,206
212,207
153,208
416,208
292,209
491,209
26,210
440,210
433,211
457,211
221,212
390,212
126,213
190,213
7,214
344,214
101,215
59,216
96,216
57,217
227,217
447,217
143,220
216,221
220,222
290,222
408,222
427,223
81,224
383,224
424,224
315,225
336,225
58,226
340,226
160,227
357,227
333,228
296,229
364,229
465,229
39,230
120,230
150,230
392,230
396,230
468,231
229,232
13,233
404,233
225,235
166,236
209,236
495,236
105,237
66,238
67,238
486,238
62,240
222,240
19,241
169,241
380,241
164,242
458,242
174,243
287,243
341,244
355,244
421,244
115,245
36,246
63,247
162,248
214,251
322,252
358,252
367,252
412,252
439,252
119,253
181,253
273,253
460,253
481,253
446,254
455,255
410,257
29,258
420,258
490,258
61,261
268,261
411,261
149,263
185,264
255,264
263,264
118,265
434,265
453,266
103,267
173,267
399,267
41,268
154,268
183,270
438,270
92,272
157,272
324,273
144,274
318,274
436,274
21,275
348,275
25,276
42,276
65,276
189,276
10,277
64,277
338,277
308,278
425,278
43,279
230,279
400,279
93,280
274,281
484,281
500,281
167,283
266,284
342,284
271,285
113,286
356,286
156,287
219,287
1,288
426,288
68,289
350,289
201,291
217,291
385,291
462,291
40,292
395,292
293,293
178,294
391,294
199,296
16,297
224,299
